/content/rgb/rgb_0.jpg 0,0,26,26,0 159,45,166,56,0 140,63,192,87,0 269,109,277,120,0 146,111,155,122,1 101,120,131,148,1 49,143,72,152,3 179,145,268,260,1 77,151,86,160,3 321,165,330,176,1 345,176,357,188,1 391,183,408,226,0 369,224,381,232,3 297,233,307,240,1 0,267,6,285,0 100,272,112,280,0 169,272,242,368,0 212,354,248,416,0
/content/rgb/rgb_1.jpg 265,0,306,13,1 313,7,320,14,1 397,15,406,26,3 259,29,266,43,2 189,34,194,39,2 212,34,241,59,2 162,44,184,58,2 47,55,61,66,0 188,57,195,66,2 229,65,238,80,0 276,74,359,182,1 144,112,176,135,0 0,139,106,416,1 116,151,131,163,3 385,167,399,174,1 250,190,325,368,3 207,205,214,211,0 229,264,243,277,1 301,306,305,311,3 113,319,123,332,1 157,321,164,327,1 108,343,199,416,1 339,346,350,354,0 0,362,22,416,0 0,367,13,394,0 408,407,416,416,0
/content/rgb/rgb_10.jpg 9,0,18,11,0 332,0,365,16,1 47,5,62,22,0 353,5,358,9,1 106,8,190,116,1 11,54,23,62,0 314,58,328,104,0 61,101,75,117,1 83,126,159,301,1 249,126,256,136,3 258,127,291,176,3 90,131,99,140,1 36,148,42,152,1 111,156,120,161,1 351,197,356,202,0 345,230,416,309,0 0,314,40,408,3 69,324,74,331,3 257,379,280,396,1 217,396,237,416,1 280,405,290,416,1
/content/rgb/rgb_100.jpg 217,35,224,40,3 129,36,177,56,0 291,54,379,210,0 95,122,128,160,0 15,176,56,264,1 213,194,308,304,1 29,223,39,230,0 369,259,374,264,0 376,268,384,273,0 155,289,163,302,0 364,319,374,327,0 383,322,416,336,0 109,337,114,343,3 345,343,352,347,0 0,354,7,361,0 85,356,95,363,3 261,364,272,379,0 288,364,323,391,0 201,380,248,416,0 395,389,402,398,0 332,402,336,408,0
/content/rgb/rgb_101.jpg 183,9,262,56,0 287,71,326,95,1 394,87,414,130,0 258,108,271,118,0 308,111,318,119,1 331,145,382,168,0 167,196,280,287,1 42,210,56,216,0 369,217,382,222,0 100,255,112,264,0 272,260,416,346,1 89,282,116,318,0 306,298,320,312,1 269,314,279,320,1 161,354,168,366,0 151,379,168,416,0 91,397,100,405,3
/content/rgb/rgb_102.jpg 165,10,178,21,1 23,18,37,36,0 297,19,383,118,0 39,39,46,46,0 279,41,286,49,0 367,92,375,98,0 279,93,283,99,3 105,108,112,116,0 210,127,300,296,1 0,157,24,226,0 153,238,163,247,3 344,250,350,256,1 267,256,277,261,1 10,259,52,296,0 89,271,132,320,0 361,279,371,287,1 383,284,394,293,0 327,292,336,312,1 351,293,358,297,1 363,293,370,299,1 50,299,60,308,1 213,309,309,416,0 83,313,88,318,1 92,357,102,368,1 59,367,77,415,1
/content/rgb/rgb_103.jpg 48,0,63,13,0 187,0,416,152,0 327,0,384,30,0 66,4,88,24,0 378,8,416,108,0 0,31,5,50,0 99,63,210,146,1 15,85,22,92,0 87,140,96,146,1 372,159,384,173,0 300,223,304,230,0 0,243,18,264,1 211,249,292,335,1 320,259,335,278,1 49,277,59,283,1 287,279,296,286,1 52,291,61,299,1 282,313,395,409,1 26,335,38,344,2 74,343,80,347,2 386,365,391,370,1 171,375,182,382,0 17,376,29,390,2
/content/rgb/rgb_104.jpg 0,0,24,19,1 381,0,400,20,0 260,60,364,152,0 0,87,47,191,0 405,94,416,106,0 172,106,258,168,3 114,165,195,235,1 162,191,168,196,0 148,199,153,203,1 296,231,331,280,0 389,241,416,268,1 154,246,160,252,1 105,297,113,305,1 120,303,128,310,1 300,304,316,321,1 263,311,270,318,3 345,317,353,327,0 325,319,355,348,0 311,320,324,334,0 50,322,75,347,1 319,349,326,355,0 66,350,87,370,1 240,380,325,416,3 0,396,6,405,0 97,409,109,416,0
/content/rgb/rgb_105.jpg 319,0,380,30,2 411,0,416,7,2 170,2,231,25,0 378,18,384,23,2 7,27,117,119,1 37,55,42,65,1 101,104,264,197,1 319,167,327,172,0 357,185,380,207,1 139,202,152,216,0 19,207,29,216,3 377,223,390,235,1 399,276,416,296,0 167,296,283,390,0 0,324,120,416,1 360,359,366,367,0 266,396,280,409,0
/content/rgb/rgb_106.jpg 362,0,371,13,1 23,3,115,112,1 343,5,350,10,1 365,28,375,38,0 407,29,412,34,0 57,35,65,41,1 144,69,150,80,1 196,95,232,136,3 232,95,237,99,2 259,101,264,112,3 279,106,287,112,3 271,111,307,131,0 31,124,130,290,0 307,162,392,244,0 100,231,104,237,0 385,255,416,299,0 266,266,273,278,0 189,306,196,313,1 178,317,186,324,1 249,333,268,351,0 0,337,35,416,0 215,359,235,380,1 184,365,210,391,1 197,375,203,381,1 194,382,198,386,0
/content/rgb/rgb_107.jpg 297,0,386,94,0 164,4,176,15,1 23,26,37,37,0 120,39,141,56,0 40,45,48,53,0 399,93,408,106,0 365,109,372,117,0 221,117,271,205,0 0,160,42,245,0 255,189,320,277,1 175,231,186,240,0 134,247,140,254,0 318,253,327,260,1 351,266,363,285,1 39,279,77,304,0 245,291,341,414,1 15,309,21,317,1 97,367,119,415,0 404,385,416,414,1 95,396,100,401,0
/content/rgb/rgb_108.jpg 135,0,216,40,3 239,56,277,82,0 82,67,93,76,0 347,79,368,111,0 85,83,94,92,0 67,87,72,92,0 364,91,368,95,2 373,100,381,104,0 185,108,195,118,1 229,165,236,173,1 0,175,37,224,3 109,178,222,272,1 0,207,5,213,3 211,248,384,336,1 95,337,102,348,0 87,359,101,399,0
/content/rgb/rgb_109.jpg 93,79,210,232,1 298,95,384,198,0 135,161,139,166,3 197,191,211,202,0 0,205,99,314,0 241,225,416,416,2 335,301,340,306,0 180,313,189,322,1 136,351,147,361,1 382,352,416,416,2 159,359,192,376,1 379,367,386,374,2 112,373,119,379,1 265,373,270,377,1 282,390,330,416,1 251,391,262,404,1
/content/rgb/rgb_11.jpg 160,0,248,52,3 332,0,338,5,0 0,1,36,51,1 7,15,14,24,1 204,53,215,71,3 225,93,240,121,1 183,108,190,118,1 230,134,236,144,1 282,145,293,156,1 255,151,260,158,1 0,156,134,238,2 160,159,176,174,0 282,175,307,207,1 258,185,269,192,1 9,186,14,190,2 127,208,243,298,1 290,227,302,234,1 15,284,27,291,0 375,326,408,362,0 0,332,6,339,0 241,346,253,357,0 365,367,392,396,1
/content/rgb/rgb_110.jpg 45,0,131,77,1 82,1,90,6,0 159,47,166,57,0 0,67,16,87,1 193,77,199,90,3 202,80,237,127,3 31,87,104,174,1 33,95,43,104,1 207,101,211,106,3 218,101,224,109,0 53,114,61,120,1 77,161,112,256,0 298,170,384,251,0 370,267,400,316,0 285,284,290,288,0 227,325,240,344,1 220,333,228,341,1 149,343,174,367,1 180,344,200,363,1 359,359,366,373,0 287,372,298,390,3
/content/rgb/rgb_111.jpg 343,0,414,71,0 279,15,295,48,0 215,73,267,96,0 210,96,220,104,1 170,111,176,122,1 55,137,170,224,1 55,143,60,148,0 167,194,250,276,1 246,217,339,264,1 19,245,35,255,0 33,284,38,289,3 226,291,237,305,3 55,319,71,359,1 386,354,396,362,1 279,363,394,416,1
/content/rgb/rgb_112.jpg 351,0,355,7,0 109,23,199,59,0 387,47,397,56,0 207,91,244,123,1 383,103,394,109,0 309,135,328,168,1 218,140,229,146,1 375,140,416,223,0 302,141,310,149,1 285,153,291,160,0 335,159,344,164,1 314,167,325,179,1 303,178,317,192,1 309,183,313,187,1 50,194,160,297,0 255,258,266,264,0 393,276,404,290,3 136,287,300,400,1 162,327,173,342,0 3,349,13,360,0 360,357,368,365,0 104,389,109,398,0 43,391,54,404,0 168,399,183,415,1 396,399,416,416,1
/content/rgb/rgb_113.jpg 287,7,362,85,1 117,103,160,118,0 287,130,291,136,1 5,135,21,143,0 106,135,115,144,3 195,138,243,168,0 105,153,118,164,3 256,155,262,162,1 163,209,171,216,0 329,239,336,247,1 68,246,190,339,1 282,263,371,300,1 200,273,293,347,3 316,281,320,286,0 84,316,88,320,0 288,354,301,370,0 397,379,416,416,1
/content/rgb/rgb_114.jpg 177,27,217,114,0 151,44,159,51,0 154,60,163,66,3 186,104,256,189,1 49,148,80,196,3 247,173,252,181,1 36,185,41,190,3 84,185,94,196,3 311,186,320,192,1 271,194,287,211,1 299,197,304,202,1 312,199,317,204,1 158,201,248,322,1 119,221,128,229,1 4,231,21,280,0 391,285,398,293,0 298,295,309,308,0 341,303,376,320,1 297,315,328,346,1 0,359,45,404,0 234,389,290,413,0
/content/rgb/rgb_115.jpg 170,0,205,27,3 270,83,355,123,0 69,89,186,181,1 301,102,306,106,0 197,105,284,171,0 105,138,110,145,1 285,167,299,181,3 380,171,416,253,2 0,185,8,240,3 9,185,16,192,0 186,197,204,208,0 239,215,245,220,0 211,231,219,241,0 403,231,411,238,0 151,260,160,268,1 121,262,126,266,3 368,263,383,270,2 162,279,187,306,0 93,281,104,288,3 351,282,357,288,2 87,295,98,319,3 223,327,416,416,1 338,338,344,343,0 212,383,219,392,0 163,397,175,411,0
/content/rgb/rgb_116.jpg 223,0,416,215,1 99,37,205,121,1 357,46,412,84,3 225,107,232,118,0 252,121,256,126,3 65,199,141,276,0 393,199,400,206,1 372,201,384,208,1 336,218,347,232,1 138,251,207,339,2 378,333,399,350,1 164,338,268,416,2 59,341,74,346,1 365,343,374,354,0 385,365,392,370,1 346,367,368,406,0 24,376,32,382,2 23,399,60,416,2 44,411,48,416,2 81,412,88,416,1
/content/rgb/rgb_117.jpg 305,61,310,66,1 135,67,294,160,0 281,144,388,235,0 87,151,93,156,0 115,231,120,238,3 0,247,66,339,0 129,268,144,282,1 133,273,137,278,1 120,283,133,296,1 119,295,141,332,0 159,299,166,307,1 139,314,148,322,1 404,327,414,338,3 213,331,255,365,1 407,346,416,355,3 296,386,365,416,0
/content/rgb/rgb_118.jpg 209,0,224,10,0 383,0,416,26,1 11,4,99,83,1 237,7,248,19,0 208,18,215,25,3 367,32,377,42,1 348,87,386,120,1 295,107,304,118,1 7,178,46,232,0 90,208,229,355,0 204,210,215,220,0 13,230,28,242,0 311,240,400,352,1 0,313,88,416,3 336,333,343,340,1 289,343,297,350,1 317,373,331,382,1 12,395,44,416,0 399,399,416,416,3
/content/rgb/rgb_119.jpg 279,4,416,279,1 1,7,26,55,3 100,9,106,16,0 144,55,244,147,3 0,95,12,104,0 401,111,416,157,1 260,141,266,152,0 335,165,341,169,1 81,199,141,283,1 73,211,85,223,1 135,263,199,357,1 322,320,346,352,0 44,330,58,339,0 2,358,10,364,3 133,367,227,416,2 0,383,39,416,0 228,412,236,416,0
/content/rgb/rgb_12.jpg 108,13,122,28,0 79,33,88,42,3 149,41,155,48,0 208,45,312,188,1 257,47,264,55,0 399,55,416,115,0 15,79,48,119,1 33,81,37,86,0 64,95,72,106,0 45,143,58,157,0 244,148,254,159,1 115,167,218,272,1 250,190,256,197,1 52,250,64,262,0 301,264,312,271,0 363,288,416,368,2 263,303,274,310,0 282,309,316,328,0 359,395,370,408,0
/content/rgb/rgb_120.jpg 2,0,30,16,3 297,4,375,84,0 161,7,169,19,0 131,11,141,20,0 4,28,11,34,0 199,32,211,43,0 35,112,90,195,0 8,127,31,138,0 143,135,190,152,0 15,162,26,170,0 144,175,151,186,3 306,207,315,216,1 271,261,416,355,1 138,274,258,376,0 310,322,322,336,1 8,338,16,344,0 289,353,299,363,3 64,373,74,382,0 263,391,282,400,3
/content/rgb/rgb_121.jpg 176,0,210,21,0 279,0,416,152,1 363,0,416,36,0 50,63,162,215,3 149,105,164,117,1 300,147,312,160,1 228,171,238,178,0 249,171,259,179,1 12,185,24,192,1 282,187,304,216,0 199,191,208,213,0 95,225,196,344,2 373,267,386,278,3 311,268,336,281,1 297,271,307,280,1 266,292,291,326,0 158,299,165,307,0 15,352,32,366,2 49,353,61,366,2 0,364,12,375,1 228,379,280,404,0 364,391,376,397,0
/content/rgb/rgb_122.jpg 359,0,379,22,0 123,6,207,80,0 28,28,32,32,1 0,33,38,62,0 351,109,391,197,0 376,111,381,118,0 65,138,76,149,1 25,147,42,162,1 151,148,159,155,0 16,157,29,164,1 207,160,228,216,0 325,194,403,273,0 20,197,27,202,0 376,268,386,277,1 266,269,352,387,1 53,295,105,381,0 104,369,112,384,0 0,375,24,416,0 212,385,219,404,1
/content/rgb/rgb_123.jpg 154,0,169,24,0 327,1,346,16,0 41,4,54,16,0 85,12,92,24,0 325,20,348,42,0 308,23,324,38,2 0,35,13,48,0 18,79,28,88,0 71,79,89,97,1 96,79,119,101,0 253,89,336,189,1 388,116,416,236,1 401,122,406,129,1 4,160,16,172,3 316,165,322,170,1 151,183,185,276,1 340,183,344,187,1 337,199,347,209,1 300,207,306,214,1 152,267,228,361,1 383,274,416,370,0 5,315,40,368,0 362,361,378,376,0 119,374,213,416,1 324,399,351,416,2
/content/rgb/rgb_124.jpg 85,2,96,19,0 35,34,46,43,0 109,37,196,144,1 340,49,390,122,0 76,135,84,143,1 51,138,136,312,1 83,165,95,174,1 231,193,259,248,3 384,260,395,269,1 287,263,324,282,0 260,264,276,280,1 268,271,272,276,1 343,271,348,280,0 279,273,291,288,0 299,295,303,301,0 369,330,378,339,1 258,337,347,416,0 104,371,112,379,3 88,373,95,384,3
/content/rgb/rgb_125.jpg 271,37,287,66,0 231,42,238,52,0 0,47,92,104,3 92,68,165,147,1 333,74,338,78,0 330,87,348,104,3 121,97,134,112,0 311,127,334,157,0 148,133,256,228,1 23,231,79,256,0 43,274,49,278,0 66,319,108,351,0 123,319,136,329,1 355,327,381,355,0 344,369,354,379,0
/content/rgb/rgb_126.jpg 188,0,192,7,0 227,0,295,31,0 355,0,416,192,0 300,32,308,46,0 122,33,200,195,1 55,133,64,142,3 158,149,169,158,1 244,156,250,160,1 400,158,416,185,0 0,162,39,212,0 259,183,268,189,1 377,189,390,194,0 223,194,234,212,0 261,196,266,202,0 396,197,405,204,3 106,207,199,327,0 405,239,416,250,0 7,291,21,304,0 296,300,305,310,0 37,301,49,314,0 309,303,333,316,0 305,329,310,334,0 194,391,248,416,0 176,396,184,407,2 76,409,83,416,3
/content/rgb/rgb_127.jpg 239,10,270,32,0 314,17,339,64,0 229,29,240,43,3 397,32,416,67,0 139,59,144,64,0 335,71,344,77,0 183,95,291,190,1 141,124,149,132,1 60,133,73,146,0 84,133,175,197,1 15,189,104,258,1 306,213,318,220,0 393,218,416,311,0 307,239,318,251,0 411,261,416,265,0 151,266,158,280,0 199,273,238,320,0 295,288,333,319,3 217,310,224,314,0 242,311,246,320,0 60,399,77,408,0 260,408,269,416,0
/content/rgb/rgb_128.jpg 39,0,47,8,0 132,0,141,13,1 151,0,157,5,1 279,0,300,32,0 387,0,416,24,0 103,5,117,21,1 112,28,119,36,1 0,45,4,56,0 137,45,146,54,1 237,50,250,61,1 207,63,228,87,0 213,71,217,76,0 90,81,96,87,0 79,90,84,96,0 0,112,48,186,0 346,121,416,227,1 199,176,279,356,3 410,187,416,194,1 199,203,208,209,0 398,203,406,208,1 76,211,83,216,0 234,231,239,236,3 40,235,55,251,0 18,274,30,283,0 292,277,306,291,0 9,289,14,293,3 146,359,238,416,1 113,360,124,373,0 15,399,29,411,1
/content/rgb/rgb_129.jpg 256,4,264,16,1 211,11,240,36,2 371,13,382,29,0 159,24,163,29,2 160,24,184,36,2 189,33,197,43,2 47,40,62,52,0 230,42,238,56,2 279,44,362,152,1 0,51,46,98,0 201,63,208,67,2 64,67,76,79,2 152,95,182,111,0 0,124,114,405,1 389,130,403,140,1 124,132,138,144,0 263,159,336,335,3 243,236,256,248,0 175,295,182,302,1 132,297,140,310,1 331,315,342,331,0 129,320,224,416,1 23,369,33,378,0 384,369,391,377,0 372,377,381,387,0
/content/rgb/rgb_13.jpg 207,0,316,142,0 102,1,109,12,1 71,23,79,38,1 129,33,134,38,0 0,66,45,149,0 351,119,360,140,0 131,152,174,192,0 256,152,352,263,0 180,177,187,186,0 122,247,146,288,1 189,266,200,278,1 220,269,227,280,1 170,279,182,286,1 383,306,416,322,0 121,351,126,355,0 117,353,207,400,0 306,397,311,407,3 386,397,416,416,1
/content/rgb/rgb_130.jpg 251,0,255,5,0 243,15,251,25,0 352,15,358,24,0 212,33,295,86,1 119,76,130,88,1 399,97,408,102,0 37,119,132,234,0 179,125,187,136,1 391,155,402,163,0 384,165,403,173,0 213,219,251,264,0 279,231,284,238,0 3,235,16,255,0 290,239,327,275,0 39,248,112,344,3 272,264,289,280,1 279,270,283,275,0 229,282,240,290,0 61,287,75,297,0 325,295,413,383,1 90,327,138,416,0 20,347,37,360,0 362,387,368,392,1 157,391,166,400,0 404,395,416,416,3
/content/rgb/rgb_131.jpg 29,0,115,47,0 319,18,328,28,1 159,47,171,56,3 255,50,272,67,0 359,55,398,87,1 31,68,37,74,1 269,68,288,90,1 308,71,317,84,1 1,75,31,103,1 32,87,44,99,1 1,93,9,104,1 23,135,59,186,0 103,169,110,180,0 167,169,243,245,3 15,239,31,244,0 104,241,192,312,0 0,269,101,375,0 210,283,224,298,0 299,303,307,310,0 327,333,341,341,0 359,363,416,416,1
/content/rgb/rgb_132.jpg 0,0,32,39,1 312,3,326,16,0 183,13,189,18,0 395,21,415,72,0 133,58,221,124,0 234,63,344,145,1 399,75,410,82,1 55,101,146,138,3 107,115,112,120,3 372,140,387,151,1 92,153,98,160,0 74,157,80,164,1 7,180,16,187,0 323,195,335,204,3 227,210,237,216,1 192,223,240,256,0 375,245,416,320,0 140,265,145,272,1 279,271,323,288,3 407,278,414,287,0 191,303,211,339,0 61,328,149,416,1 33,411,38,416,0 277,412,284,416,3
/content/rgb/rgb_133.jpg 64,0,95,18,0 335,0,397,45,1 15,6,35,16,0 361,6,368,12,1 77,22,90,38,0 131,28,216,136,1 0,75,31,92,1 339,87,355,128,0 85,119,98,134,0 104,145,181,320,1 116,151,122,159,1 273,151,283,162,3 286,151,291,155,3 285,155,315,202,3 60,164,66,168,1 135,176,147,183,1 348,199,387,224,0 363,261,416,342,0 197,298,205,304,0 0,304,54,416,3 210,367,216,376,0 333,386,340,392,1 284,409,291,416,1
/content/rgb/rgb_134.jpg 15,0,39,24,1 217,0,416,229,1 313,0,416,33,0 220,2,251,16,0 359,55,414,96,0 103,69,211,156,1 387,90,416,194,0 84,131,93,138,1 115,178,120,184,1 408,208,416,216,1 388,213,400,220,1 77,243,164,312,1 7,252,16,258,0 5,266,13,274,1 357,274,376,309,0 315,277,324,286,0 175,284,234,373,2 67,290,74,295,1 81,297,89,307,1 304,297,309,304,0 275,317,285,336,0 7,323,16,327,2 203,367,303,416,0 358,383,372,398,0 380,383,404,416,1 90,385,105,394,2
/content/rgb/rgb_135.jpg 176,0,269,87,2 82,11,106,41,0 337,12,342,16,0 401,15,413,27,2 292,19,302,34,2 375,20,381,24,1 335,31,389,64,1 364,46,368,50,1 409,49,416,61,1 39,55,64,68,0 381,76,389,80,1 33,92,42,99,1 106,95,113,104,0 346,99,360,106,1 80,111,103,141,0 146,130,152,135,0 127,143,136,152,0 284,155,357,229,1 310,181,315,186,0 0,183,159,416,1 12,189,20,198,1 29,190,44,197,1 152,290,158,296,2 205,301,314,401,3 178,303,186,314,3 221,325,227,332,0 0,329,27,377,0 3,411,29,416,0
/content/rgb/rgb_136.jpg 403,10,416,30,3 298,15,306,26,0 397,30,406,39,0 36,37,46,46,0 301,39,306,43,0 405,55,416,80,1 385,64,400,75,1 111,83,279,155,3 288,111,399,192,1 163,127,168,131,0 0,157,16,179,0 140,161,146,168,0 122,162,128,168,3 98,220,104,224,1 259,247,270,254,3 259,255,264,259,0 215,260,266,290,0 293,295,302,306,0 191,304,206,319,1 189,324,201,336,1 293,324,336,342,2 63,332,147,416,1 180,348,187,355,1 384,351,416,395,0 0,399,32,416,0 19,412,26,416,0
/content/rgb/rgb_137.jpg 329,27,340,46,0 338,71,352,99,0 71,81,235,180,3 284,105,288,110,0 124,111,128,118,0 268,119,280,136,3 379,160,402,192,0 356,163,371,171,0 218,167,325,262,1 111,207,122,211,1 199,256,205,265,1 95,263,149,288,0 107,283,112,290,0 39,300,64,352,0 311,313,326,323,0 235,321,243,333,1 138,355,180,389,1 357,360,362,365,0
/content/rgb/rgb_138.jpg 83,0,115,21,0 401,0,416,23,0 349,32,407,104,0 131,49,216,159,1 45,66,56,75,0 3,71,35,87,0 300,113,310,125,3 317,120,330,128,3 80,122,96,140,0 87,159,168,246,1 105,161,113,169,1 119,191,131,199,1 108,237,150,339,0 118,321,122,331,0 323,323,411,404,1 37,349,43,355,3 258,390,270,403,0 5,404,15,416,3
/content/rgb/rgb_139.jpg 274,0,281,9,2 355,5,360,14,0 247,13,301,40,2 180,55,184,60,3 151,63,176,79,0 177,77,184,86,3 259,104,341,214,0 130,135,160,152,0 140,142,147,146,0 402,146,414,157,1 0,151,88,362,1 54,156,69,163,0 226,219,303,307,1 267,256,276,264,1 29,277,35,283,3 202,292,216,305,1 359,300,370,312,0 255,301,294,400,0 305,364,317,371,0 79,366,155,416,0
/content/rgb/rgb_14.jpg 311,0,408,111,0 252,9,258,14,0 56,63,190,201,1 354,90,360,96,0 255,144,264,150,1 150,156,162,164,1 263,156,267,163,1 252,161,256,166,1 191,167,198,171,1 232,167,239,186,1 367,194,376,198,0 138,207,239,322,1 312,217,317,222,1 3,239,56,276,0 298,301,310,310,0 31,319,44,327,2 7,339,39,381,2 77,349,91,361,2 58,362,72,375,2 187,370,197,384,0
/content/rgb/rgb_140.jpg 138,0,165,16,0 221,0,311,102,1 348,0,358,12,1 388,2,402,13,3 372,5,385,19,3 91,16,115,30,0 161,17,170,32,2 250,29,259,35,2 337,60,350,72,1 137,71,145,80,0 103,79,128,108,3 5,83,18,96,0 375,86,416,126,0 236,114,300,200,0 37,137,50,144,0 0,140,93,416,1 159,159,163,163,0 283,184,340,274,1 343,226,352,232,1 51,235,56,240,1 351,241,360,247,1 61,255,67,261,1 116,269,123,275,1 175,276,182,283,0 135,289,142,301,1 153,301,252,416,3 0,372,10,382,0 91,388,100,398,2 384,389,400,400,0
/content/rgb/rgb_141.jpg 180,1,255,81,1 279,7,324,29,1 407,7,416,14,0 119,47,133,80,0 258,55,262,59,1 130,75,142,87,3 125,87,141,103,0 311,100,315,104,1 279,101,284,106,1 289,111,296,115,0 357,111,374,123,0 63,116,116,144,1 343,122,352,128,0 58,148,72,155,0 263,167,272,173,3 17,177,29,186,1 261,211,269,218,0 0,212,36,301,1 43,251,224,331,0 386,287,416,304,1 115,343,131,358,0 225,381,311,416,3 386,384,396,393,0 1,407,14,416,0
/content/rgb/rgb_142.jpg 183,0,286,32,0 168,15,176,24,0 62,71,75,82,0 188,119,270,176,0 271,142,342,221,0 375,162,387,178,0 17,165,26,176,0 133,201,140,206,3 325,210,416,307,0 199,285,206,291,0 156,287,162,293,1 15,293,103,389,0 203,304,259,328,1 167,322,183,338,1 216,322,222,330,1 156,338,171,352,0 270,338,274,342,1 225,347,230,352,1 151,350,176,388,0 263,368,272,376,1 175,372,183,379,0 247,391,279,416,1 305,396,316,409,0
/content/rgb/rgb_143.jpg 7,0,45,8,0 95,1,139,51,0 52,13,59,22,0 2,23,13,39,0 298,27,304,33,1 7,42,21,56,0 167,48,176,59,1 73,78,86,90,0 136,88,292,188,1 5,117,125,216,0 172,148,176,155,1 331,159,416,254,2 231,181,243,195,0 155,187,163,192,1 132,223,152,232,0 187,234,195,240,0 3,280,37,307,0 183,317,416,416,1 172,336,186,351,0 402,336,408,340,1 396,337,416,368,1 405,364,413,377,1 182,385,189,400,1 209,405,230,416,1 175,409,184,416,1
/content/rgb/rgb_144.jpg 140,0,162,11,2 188,0,216,13,2 349,0,358,13,3 24,7,37,20,2 165,9,171,19,2 132,13,136,18,2 205,18,213,33,2 0,20,21,45,0 252,26,334,132,1 39,36,50,47,2 175,39,182,43,2 124,68,154,84,0 0,91,85,367,1 92,102,107,114,0 360,115,373,124,1 228,139,301,224,0 390,150,416,200,1 207,211,219,224,0 264,217,296,312,3 92,267,102,280,1 135,268,142,274,1 85,290,180,413,1 290,295,299,309,0 113,312,120,320,1 397,403,408,416,0
/content/rgb/rgb_145.jpg 248,0,315,18,0 93,26,120,51,0 64,53,98,81,1 102,68,111,77,0 289,90,298,100,0 63,96,73,104,0 143,124,150,132,3 95,135,138,175,0 207,149,312,246,1 289,234,416,327,1 159,240,168,248,0 0,263,7,269,3 329,270,343,281,0 98,276,119,295,0 247,279,262,298,0 177,297,184,308,1 236,325,246,334,1 272,333,277,341,0 335,340,350,354,0
/content/rgb/rgb_146.jpg 347,0,359,10,3 377,0,387,8,0 285,55,296,84,0 125,67,138,79,3 12,87,108,140,0 284,94,292,104,3 105,97,183,178,1 345,99,362,116,0 335,115,344,123,0 359,127,365,132,0 141,130,151,142,1 330,140,353,172,0 171,159,282,251,1 49,271,107,296,0 0,326,24,363,2 170,332,183,343,1 161,351,172,362,0 103,355,146,386,0 383,383,392,392,0 0,385,8,392,0
/content/rgb/rgb_147.jpg 167,0,184,4,0 188,0,214,5,2 223,0,229,4,2 377,0,416,22,1 208,6,215,11,2 211,62,298,171,0 79,63,104,78,0 151,73,160,87,3 59,93,66,99,0 119,126,130,134,0 395,129,406,136,1 81,135,111,157,0 175,165,187,184,0 373,167,407,213,1 407,172,416,176,1 209,183,278,272,1 0,185,48,288,0 241,217,253,224,1 253,259,292,355,3 191,269,206,282,1 0,303,32,416,3 311,308,320,314,0 100,367,191,416,0
/content/rgb/rgb_148.jpg 161,0,208,32,0 96,32,130,55,0 194,35,200,40,0 146,38,155,51,0 71,74,77,78,0 256,92,264,104,1 49,95,60,102,0 124,99,212,208,1 351,112,363,123,0 358,112,408,189,0 43,147,50,152,0 32,192,39,196,0 312,194,322,203,0 63,202,149,284,1 320,215,347,258,0 247,263,271,317,0 58,282,114,385,0 285,284,291,290,0 188,303,195,317,0 301,311,309,318,0 231,324,240,331,3 274,335,288,351,0 115,354,124,362,0 111,373,119,382,0
/content/rgb/rgb_149.jpg 287,0,344,11,0 385,27,398,34,1 268,54,283,69,0 239,63,248,70,0 244,91,280,136,0 50,95,94,184,0 253,135,264,144,0 394,141,402,149,3 308,171,416,271,1 187,214,301,314,1 66,244,78,252,0 133,253,144,264,0 222,278,230,285,1 0,301,10,311,1 7,327,35,356,1 343,347,350,352,0 131,355,160,413,0 20,363,55,400,0 189,373,199,388,3 245,375,254,391,1 210,391,243,416,0
/content/rgb/rgb_15.jpg 267,0,330,76,1 42,29,72,64,3 295,30,301,35,0 232,76,311,130,0 144,110,243,213,1 176,181,185,185,1 290,240,301,245,0 311,245,342,259,0 114,271,123,278,1 211,277,245,303,0 48,279,54,285,3 123,283,167,328,0 28,295,34,304,3 0,304,28,333,3 315,309,320,317,0 251,314,255,320,0
/content/rgb/rgb_16.jpg 51,0,156,65,1 65,75,72,83,0 152,88,317,164,0 329,99,416,182,1 351,210,363,216,0 280,255,331,293,1 117,261,128,268,1 263,266,270,276,0 362,284,371,294,3 132,298,144,308,1 266,311,280,327,3 270,318,274,322,3 264,329,301,373,0 111,340,118,346,1 151,356,237,416,1 143,391,147,395,1
/content/rgb/rgb_17.jpg 309,46,316,51,1 32,47,75,72,3 216,55,285,135,1 148,66,166,98,0 137,75,146,83,0 145,111,160,125,0 285,120,290,125,3 74,124,128,147,0 0,244,82,332,1 81,279,176,330,1 290,279,310,297,1 276,303,300,324,1 287,309,293,314,0 42,351,60,366,0
/content/rgb/rgb_18.jpg 239,5,248,16,1 116,8,152,43,1 44,36,53,48,0 233,49,240,56,1 266,90,344,170,3 119,100,171,133,0 0,102,40,183,3 108,109,118,118,0 0,184,149,317,1 305,218,312,222,0 285,279,304,300,0
/content/rgb/rgb_19.jpg 308,41,394,79,0 98,111,152,136,3 331,147,344,158,0 187,167,285,280,1 311,218,320,224,0 365,223,408,264,1 353,234,366,243,1 226,289,336,416,0 359,304,370,311,0 219,317,226,325,0 148,335,157,343,0 63,361,77,378,3 0,375,58,416,0 229,399,242,412,0
/content/rgb/rgb_2.jpg 81,0,133,16,1 92,41,104,52,0 55,56,82,85,1 136,63,233,173,1 344,71,368,112,0 4,87,30,98,3 391,171,416,189,0 114,177,124,195,1 112,180,116,185,1 122,185,126,190,1 154,186,220,275,1 79,191,86,196,1 93,191,98,195,1 151,201,158,209,1 333,211,341,218,0 290,224,300,232,3 201,258,250,352,0 223,295,228,300,0 358,353,366,363,0 89,359,96,366,0 377,394,394,414,0 181,396,186,403,3
/content/rgb/rgb_20.jpg 18,0,88,40,3 175,6,259,80,0 307,63,320,71,0 211,138,224,152,3 215,141,220,145,3 314,167,416,323,1 215,173,239,224,0 195,191,199,197,0 119,208,152,248,1 228,226,237,235,0 169,227,176,235,0 36,255,70,348,0 356,288,369,299,1 223,298,325,413,1 357,364,375,376,0 252,377,264,381,0 161,388,170,406,0 391,391,398,397,0
/content/rgb/rgb_21.jpg 0,0,16,16,0 407,0,416,19,1 380,3,390,13,0 135,31,184,50,0 106,92,134,120,1 191,104,282,215,1 397,119,416,160,0 127,128,138,138,0 34,152,42,158,3 160,216,171,234,1 199,227,266,320,1 127,230,131,234,1 139,230,144,234,1 101,236,112,244,1 124,242,135,250,0 199,244,204,251,1 0,251,32,285,0 335,271,346,280,3 247,306,301,400,0 0,378,11,416,0 130,399,136,408,3
/content/rgb/rgb_22.jpg 173,0,274,92,0 318,17,328,32,1 44,58,176,197,1 397,74,408,84,0 399,79,416,160,0 103,144,107,148,1 87,151,93,156,1 75,160,79,164,1 231,167,263,216,0 180,177,184,192,0 57,185,64,192,1 87,204,94,211,1 211,209,219,218,0 242,239,256,255,1 247,246,251,250,1 267,250,299,275,0 205,251,211,259,0 255,251,268,266,0 265,279,270,285,3 194,317,283,406,0 15,318,35,338,0 359,396,416,416,3 67,406,76,414,0 382,406,396,413,0
/content/rgb/rgb_23.jpg 79,0,91,16,0 346,0,416,52,0 97,15,103,25,0 127,18,136,29,0 144,31,152,48,1 154,31,161,37,1 212,63,219,70,1 172,75,179,83,1 276,79,329,164,0 0,80,23,127,0 141,95,146,107,1 253,106,261,112,0 261,120,268,127,0 17,131,107,216,0 318,148,379,234,0 353,191,364,198,0 239,193,248,202,3 187,231,228,276,0 105,243,144,269,0 311,245,405,364,1 87,274,94,283,0 201,315,211,324,1 168,327,192,376,1 236,356,248,370,0 267,361,274,373,1 28,362,38,374,1 215,366,228,376,1 31,395,41,408,1
/content/rgb/rgb_24.jpg 50,47,64,58,0 132,50,139,62,1 293,57,314,88,0 215,101,266,128,1 39,104,143,204,1 160,111,167,123,1 238,114,245,118,0 263,139,270,144,1 236,175,248,179,0 116,196,275,311,3 107,239,116,245,0 84,292,88,299,2 146,303,159,318,0
/content/rgb/rgb_25.jpg 31,0,85,16,1 80,12,88,16,1 44,44,59,56,0 101,59,197,168,1 11,61,38,92,0 124,179,190,269,1 303,192,310,198,0 261,209,271,216,0 337,215,344,220,0 177,253,238,344,0 116,277,130,291,0 409,314,416,320,0 407,330,414,335,1 299,349,306,356,0 372,367,383,387,0 389,388,400,400,0 331,400,351,416,0 92,402,136,416,0 303,407,325,416,0
/content/rgb/rgb_26.jpg 50,0,103,24,1 192,3,199,7,0 95,25,101,29,0 280,27,350,83,0 50,47,64,59,0 177,49,187,62,0 8,56,39,83,3 83,84,172,197,1 21,90,35,103,0 227,107,237,117,1 118,117,129,123,1 252,119,261,130,1 270,119,280,127,3 295,128,312,171,3 39,183,52,203,0 4,191,10,197,0 245,205,277,256,0 65,208,141,300,0 253,268,262,275,0 109,290,144,391,3 39,294,56,307,3 336,304,416,389,1 367,393,371,398,1 408,407,416,416,0
/content/rgb/rgb_27.jpg 61,0,96,20,0 267,0,328,28,0 88,21,98,30,3 276,42,285,51,0 245,56,328,108,1 15,80,72,103,0 315,96,322,101,1 155,109,165,120,1 407,151,414,155,0 76,152,173,269,0 217,155,226,166,1 261,159,272,166,0 243,163,254,174,1 255,249,296,296,3 242,253,251,264,0 47,274,58,292,0 87,281,157,381,3 10,289,16,294,3 83,300,92,310,3 7,303,18,311,3 372,319,416,408,1 109,323,123,336,0 0,337,5,342,0 138,362,181,416,0 411,412,416,416,0
/content/rgb/rgb_28.jpg 210,0,291,64,0 328,60,334,65,1 159,63,183,96,0 342,64,347,71,0 314,95,328,102,1 339,126,349,132,1 146,135,192,174,0 308,148,315,154,1 152,165,156,169,3 365,176,373,181,0 151,179,160,186,3 311,207,318,216,1 297,213,303,220,1 259,230,344,283,1 313,238,321,244,1 48,256,171,358,1 291,257,296,262,1 183,268,275,336,3 0,271,11,283,1 381,322,416,412,1 69,343,74,347,0 175,367,180,372,0 175,371,195,381,0 356,388,363,395,0 405,395,413,404,1
/content/rgb/rgb_29.jpg 0,0,38,8,2 267,0,312,35,1 383,1,390,8,1 50,10,63,23,3 370,16,376,24,1 315,31,323,37,1 0,55,66,143,0 356,90,368,103,0 225,93,312,200,1 125,123,134,131,0 140,139,149,148,0 165,189,248,269,1 205,221,213,229,1 133,238,146,250,1 159,268,211,364,1 0,275,55,399,0 365,331,379,347,0 335,359,342,366,0 44,400,54,411,0 379,407,416,416,1
/content/rgb/rgb_3.jpg 0,0,63,19,1 381,45,395,56,3 337,50,348,56,0 125,76,136,88,3 346,80,360,100,0 285,82,291,93,2 229,92,234,96,0 16,105,192,184,1 335,123,360,154,0 148,137,158,148,1 187,156,301,242,1 367,184,400,232,0 79,228,93,234,0 179,259,186,268,1 79,287,134,312,0 389,297,398,302,0 39,334,60,389,0 151,337,160,346,1 337,344,349,352,0 76,346,87,355,1 273,395,304,416,0
/content/rgb/rgb_30.jpg 0,0,64,24,2 280,21,312,64,0 369,23,399,53,0 249,43,258,56,3 93,68,103,77,0 164,112,271,207,1 12,162,160,304,1 40,172,53,184,0 391,210,402,220,0 392,217,416,303,0 297,219,309,226,3 227,231,236,238,0 403,249,414,261,3 202,279,237,341,0 295,293,334,328,3 64,298,72,306,0 51,311,59,319,0 216,382,229,397,0 231,383,261,416,3
/content/rgb/rgb_31.jpg 89,7,98,14,2 0,11,126,223,2 99,20,111,30,2 168,20,200,32,1 287,23,367,125,1 133,41,148,53,0 239,79,255,94,1 260,119,266,128,1 237,122,315,288,1 53,221,147,339,1 267,275,277,288,0 181,287,186,293,3 41,335,53,349,1 412,397,416,404,0
/content/rgb/rgb_32.jpg 319,0,368,43,0 0,15,54,54,3 219,22,227,32,0 52,42,72,60,0 315,43,325,50,1 25,55,32,61,0 39,69,122,115,3 325,100,334,107,1 149,133,191,160,0 331,133,405,214,1 125,157,136,167,0 172,178,180,184,0 215,191,221,196,0 10,215,27,223,0 193,215,247,232,0 375,269,387,280,0 18,271,139,366,0 130,335,308,416,1 361,356,370,363,0 161,380,169,398,1
/content/rgb/rgb_33.jpg 55,23,69,33,1 352,31,380,55,0 192,33,280,133,3 329,47,416,299,1 33,48,56,69,0 8,52,27,70,0 372,92,376,96,0 171,107,175,112,0 289,137,296,149,1 104,145,188,315,1 250,150,256,156,1 305,163,312,168,1 355,181,360,186,1 33,255,45,265,1 328,293,343,307,0 93,329,192,416,1 295,333,320,360,0 400,348,416,360,0 47,360,62,374,0 274,361,284,371,0 275,394,282,401,2 343,395,350,405,0 147,411,152,416,1
/content/rgb/rgb_34.jpg 132,0,198,13,0 141,103,228,157,0 228,113,303,192,0 4,119,24,136,0 332,125,344,144,0 299,141,310,146,1 153,151,160,160,0 3,159,11,163,1 0,164,8,180,1 288,175,400,266,3 366,227,370,240,0 167,266,175,272,1 125,271,131,278,1 176,282,230,309,1 0,289,77,384,0 140,307,157,320,0 201,324,206,328,1 130,335,152,375,0 172,338,178,347,1 241,340,250,350,1 181,356,186,360,0 228,367,269,400,1
/content/rgb/rgb_35.jpg 325,1,398,80,1 0,9,23,47,3 28,33,51,43,0 39,36,105,109,3 279,93,294,109,0 226,122,275,152,1 287,141,294,147,1 225,156,236,162,1 287,184,296,192,1 93,221,213,312,0 223,255,394,331,1 106,285,110,289,0 0,287,19,348,1 45,333,59,346,1 52,360,83,394,1 410,385,416,416,0 396,411,410,416,1
/content/rgb/rgb_36.jpg 73,23,213,151,3 61,60,69,67,0 72,71,82,77,0 274,82,283,91,0 332,85,351,112,0 77,148,88,154,0 175,152,272,259,1 42,200,92,232,1 93,212,104,222,0 332,263,378,296,0 81,274,91,281,0 55,295,91,336,0 388,343,398,352,1 356,364,391,396,1 267,367,272,372,3 368,379,375,386,1 329,393,357,416,0 84,396,183,416,0
/content/rgb/rgb_37.jpg 73,0,80,11,0 376,0,390,14,0 379,0,385,5,0 67,7,152,51,0 169,75,210,104,1 9,76,21,85,0 10,92,22,102,3 346,99,416,179,1 279,103,299,136,1 271,111,278,119,1 255,124,262,131,1 307,126,312,130,1 28,135,44,143,0 286,135,298,147,1 275,148,290,160,1 300,188,306,195,0 27,192,143,290,0 126,269,296,367,1 0,375,5,396,0 104,378,108,388,1 169,380,182,395,1
/content/rgb/rgb_38.jpg 373,0,416,53,0 7,17,93,91,1 346,33,351,37,3 264,50,336,216,0 410,51,416,72,0 245,79,254,85,0 132,101,140,106,1 103,127,118,144,0 154,134,160,141,3 131,152,160,203,0 228,224,315,344,1 77,231,96,277,0 130,280,140,294,3 108,281,120,290,3 154,297,165,308,1 20,327,92,400,1 355,354,387,384,1 7,391,24,416,1 45,407,56,416,1
/content/rgb/rgb_39.jpg 89,0,194,45,0 263,0,416,136,0 359,0,371,5,0 59,122,198,253,1 169,135,181,149,0 408,146,416,157,0 39,162,48,168,0 281,173,290,182,1 319,178,342,208,1 261,180,270,187,1 270,191,274,197,1 257,199,264,203,1 312,217,320,227,1 159,253,261,365,0 355,255,363,264,1 21,288,29,294,0 21,311,86,344,2 125,329,134,341,0 325,332,338,342,0 31,357,38,362,2 0,359,5,367,0 80,359,84,365,2 323,365,370,403,3 1,381,6,385,2 145,404,154,416,2
/content/rgb/rgb_4.jpg 7,7,31,40,0 36,8,42,15,0 389,9,400,19,0 226,10,242,16,1 237,17,243,24,1 34,28,48,40,1 37,31,41,36,0 256,33,275,52,1 39,41,54,55,1 305,63,314,77,0 216,76,223,84,1 228,83,235,91,1 195,141,206,149,3 135,146,219,205,3 166,176,171,180,3 63,200,155,264,0 276,201,370,304,1 0,203,54,304,0 148,205,152,209,0 299,286,304,292,1 250,288,258,293,1 69,304,88,315,0 271,323,284,331,1 369,340,379,349,0 282,343,408,416,3 257,349,264,354,1 380,351,385,357,3 399,351,416,389,1 369,353,373,358,2 355,383,359,387,3 16,393,22,399,0 63,399,92,416,0 367,409,374,416,3
/content/rgb/rgb_40.jpg 319,0,326,8,1 292,4,336,40,1 183,7,199,24,0 223,23,255,48,0 0,25,83,117,2 55,29,62,35,2 57,44,70,54,2 53,66,59,72,0 229,103,322,205,3 193,181,197,187,0 7,187,13,191,1 135,187,242,352,1 0,215,10,224,0 200,215,208,225,1 405,218,416,228,0 39,236,46,242,1 0,244,36,364,0 325,264,349,328,0 184,285,189,290,1 170,297,176,301,1 160,308,164,313,1 308,329,315,336,3 345,348,359,365,1 370,354,408,376,0 358,357,373,376,0
/content/rgb/rgb_41.jpg 55,0,140,51,0 253,0,263,4,0 187,5,192,13,2 15,18,22,27,0 15,79,22,87,1 39,87,72,112,1 42,108,51,118,1 170,152,290,303,1 376,167,416,275,0 0,172,15,195,0 249,196,253,200,1 63,274,175,384,0 409,380,416,387,0 256,389,266,400,1 383,407,416,416,0
/content/rgb/rgb_42.jpg 93,4,102,14,0 225,4,232,18,0 196,7,228,50,1 16,24,48,42,0 164,32,173,45,1 112,37,122,52,0 212,49,217,55,1 10,90,22,99,0 85,105,192,200,1 39,111,60,120,0 0,163,87,272,0 399,175,416,240,0 231,230,240,242,0 247,245,254,256,0 216,407,224,416,3
/content/rgb/rgb_43.jpg 0,0,103,46,2 241,80,272,104,3 204,87,208,92,1 319,92,343,142,0 229,103,239,115,1 121,125,128,134,0 138,135,143,144,0 140,153,160,164,0 173,168,285,266,1 391,175,398,181,3 245,199,250,203,1 0,200,162,317,1 112,228,124,240,0 292,296,304,307,0 375,309,414,408,3 128,341,136,352,0 175,352,216,402,0 271,380,312,408,0
/content/rgb/rgb_44.jpg 107,0,139,14,0 259,0,344,76,0 383,0,416,68,3 317,53,328,64,0 367,75,380,86,0 132,100,144,112,0 12,103,173,216,1 287,119,304,149,0 285,158,292,168,0 212,159,224,176,1 174,169,181,174,1 147,208,254,312,1 295,215,307,224,0 7,270,16,276,2 12,291,68,318,2 319,293,362,336,0 65,295,78,306,3 119,295,127,305,3 38,300,43,305,2 343,314,348,319,0 29,336,36,341,0 308,336,317,345,3 65,360,76,371,0 385,372,395,380,0 45,389,80,416,2
/content/rgb/rgb_45.jpg 191,0,272,32,0 181,69,213,93,0 223,120,252,172,0 367,122,416,200,0 127,151,165,188,3 47,192,78,285,0 319,199,400,271,1 161,218,170,231,3 0,237,24,254,1 18,244,22,248,1 225,245,328,353,1 409,351,416,358,0 391,397,416,416,0 349,410,355,416,0
/content/rgb/rgb_46.jpg 272,53,364,208,1 167,77,192,128,0 76,120,110,160,0 97,173,105,184,0 0,175,35,260,0 193,193,289,303,1 377,276,388,284,1 68,313,78,325,0 85,313,96,322,0 343,319,355,327,0 365,319,399,336,0 87,335,94,342,3 63,354,73,362,3 267,363,302,391,0 321,374,331,384,3 328,386,347,406,0
/content/rgb/rgb_47.jpg 116,9,205,117,0 0,13,11,24,0 13,16,23,29,0 276,31,288,44,0 327,39,341,80,1 119,47,126,51,0 80,111,92,128,1 47,120,52,125,0 60,121,64,126,1 111,129,200,298,1 42,131,54,138,0 114,139,121,148,0 138,159,147,165,1 61,161,67,168,1 293,173,301,179,2 248,180,258,189,3 380,199,416,280,1 279,277,286,282,0 31,283,38,291,0 0,310,95,416,3 373,316,379,323,0 319,360,331,380,0 244,383,267,407,1 255,394,261,400,1
/content/rgb/rgb_48.jpg 304,0,328,8,3 11,5,26,22,0 20,27,29,37,0 362,31,384,46,0 45,45,56,53,0 120,60,142,82,0 52,63,66,77,1 66,67,72,74,0 266,106,349,212,1 401,111,411,117,1 58,115,66,124,0 117,116,123,126,0 399,159,416,216,1 138,175,176,270,1 318,189,325,193,1 391,217,416,317,0 122,263,203,354,1 0,275,20,333,1 343,317,416,416,2 181,340,186,352,0 71,359,165,416,0 31,365,48,378,0 395,387,416,416,2 362,391,368,395,2 321,394,336,409,2
/content/rgb/rgb_49.jpg 180,0,323,88,3 359,0,403,53,0 0,1,13,12,0 0,14,113,98,1 87,47,93,56,1 357,65,368,80,0 257,145,265,154,0 241,160,250,168,1 211,161,215,166,1 254,169,258,173,1 356,186,365,195,0 31,189,207,272,2 236,195,248,209,1 330,223,344,232,1 28,242,40,250,2 199,245,314,336,1 383,279,416,328,0 305,293,309,297,1 188,352,195,366,0 71,365,80,371,0 82,371,150,408,0 28,376,36,384,2 312,386,326,398,3 402,399,412,406,0
/content/rgb/rgb_5.jpg 65,0,146,53,0 311,38,344,125,3 292,47,299,54,0 292,63,299,70,3 326,87,331,93,3 98,95,143,119,0 194,106,204,114,0 113,121,120,128,0 169,124,195,173,0 25,126,36,138,1 133,130,139,139,0 154,155,160,159,0 109,191,128,239,0 149,196,157,204,0 256,206,341,324,1 47,279,111,358,3 307,309,312,313,0 74,311,78,315,0 410,314,416,318,3 78,324,84,330,3 29,341,48,366,0 370,347,402,376,0 344,365,358,379,0 0,367,50,416,0 295,401,339,416,0
/content/rgb/rgb_50.jpg 4,0,43,24,0 237,7,304,80,3 250,11,258,18,0 52,13,60,24,0 81,29,86,34,0 270,31,276,36,3 379,47,416,144,0 23,55,36,67,0 177,79,260,141,1 25,84,39,92,0 66,100,176,197,1 279,114,291,128,1 293,239,416,358,2 17,255,55,309,3 276,272,292,282,0 105,274,140,299,0 30,281,37,288,3 8,295,21,307,3 299,311,310,323,0 303,335,311,344,2 268,367,280,384,2 285,394,416,416,2 53,397,59,406,1 260,401,270,414,2
/content/rgb/rgb_51.jpg 99,28,133,58,0 295,31,379,63,0 228,68,235,78,0 26,104,37,116,1 95,119,144,149,3 142,135,146,141,0 370,164,381,170,0 192,167,290,277,1 242,282,311,376,1 370,287,384,294,0 41,293,52,297,0 306,351,370,416,0 376,370,384,379,0 388,383,398,391,0
/content/rgb/rgb_52.jpg 95,0,100,6,1 260,0,280,16,0 68,13,81,23,1 344,26,373,50,0 0,31,67,119,1 37,39,43,46,1 378,57,390,68,0 261,103,371,191,0 227,108,234,114,0 81,112,250,206,1 404,174,416,184,1 138,177,142,181,0 127,217,133,224,1 297,220,307,227,0 111,224,116,232,0 363,234,376,242,0 268,259,280,267,0 357,260,371,272,0 0,261,5,282,0 239,271,283,311,0 107,289,112,294,1 215,292,222,299,0 327,313,370,334,3 12,337,31,351,1 229,355,242,368,0 244,359,266,396,0 265,364,272,373,0 57,386,63,394,0 129,395,200,416,0
/content/rgb/rgb_53.jpg 0,0,22,8,3 145,1,228,78,3 367,67,384,84,0 383,84,404,106,0 104,101,110,108,0 125,111,157,138,0 156,124,171,136,0 129,133,136,142,0 204,170,213,178,3 160,171,192,221,3 324,176,331,183,1 187,188,192,192,0 314,189,322,196,1 306,189,373,265,1 60,195,96,229,1 321,217,325,222,1 327,231,334,235,1 249,265,335,336,1 141,301,252,416,3 290,304,300,315,1 77,377,90,395,1
/content/rgb/rgb_54.jpg 331,0,392,24,0 0,4,8,11,0 396,5,400,10,0 204,31,256,53,0 261,58,268,64,0 159,69,166,82,1 378,71,390,82,0 47,99,162,183,1 160,151,331,229,1 193,181,200,190,1 162,204,168,208,1 55,258,64,268,0 383,299,392,307,1 279,309,397,403,1 66,363,149,416,0 0,389,7,402,1 392,396,408,408,0
/content/rgb/rgb_55.jpg 13,0,40,26,1 98,0,194,107,0 303,3,324,40,0 33,25,48,41,0 393,81,399,88,1 335,85,342,96,1 354,90,363,96,1 351,96,380,115,1 76,113,88,130,1 349,118,360,128,1 119,119,183,205,1 332,119,347,133,0 375,123,381,128,1 43,127,48,132,1 57,127,62,131,1 18,135,29,144,1 42,139,53,146,1 388,144,416,216,0 65,166,72,171,1 166,191,224,279,3 231,228,239,235,0 239,244,248,248,0 391,277,398,283,0 15,305,24,318,3 345,312,363,331,1 36,316,141,416,0 313,343,332,360,0 393,389,400,397,0 278,391,291,403,0
/content/rgb/rgb_56.jpg 48,7,128,48,0 44,47,56,56,0 273,63,282,69,1 331,75,404,154,0 263,87,282,121,1 255,97,262,104,1 241,111,247,117,1 272,118,284,130,1 97,124,107,134,0 217,127,222,132,1 263,132,279,144,0 291,170,298,176,1 143,180,151,189,0 23,200,139,291,0 331,246,339,251,0 130,266,303,352,1 295,292,302,299,0 83,329,96,347,1 77,378,87,389,1 117,380,122,387,1
/content/rgb/rgb_57.jpg 0,0,32,7,1 324,0,354,15,0 314,11,326,25,0 52,50,68,58,0 0,74,61,175,0 272,76,378,167,0 114,111,266,232,1 226,132,230,140,0 165,193,170,197,0 150,198,156,202,0 396,216,408,227,0 164,234,173,242,1 407,234,416,244,1 246,242,252,251,0 151,245,158,252,1 290,247,328,295,0 384,269,416,294,1 97,291,104,299,1 111,299,120,306,1 4,311,18,326,0 331,317,342,323,0 253,322,259,330,2 334,337,342,347,0 315,338,342,368,0 133,340,144,347,1 87,372,92,378,0 87,380,106,390,0 221,393,296,416,0 395,399,408,413,0
/content/rgb/rgb_58.jpg 0,0,64,35,1 76,64,247,136,3 256,79,366,160,1 129,117,136,121,0 111,153,117,160,3 92,156,101,163,0 79,217,85,221,1 241,221,252,227,0 203,231,251,266,3 47,268,61,279,0 149,268,155,275,1 241,273,246,278,0 183,285,197,302,0 287,288,331,304,3 62,328,149,416,1
/content/rgb/rgb_59.jpg 0,0,6,8,1 343,0,416,128,0 345,20,352,27,0 39,32,48,40,0 33,44,40,51,0 99,49,220,197,1 79,81,88,88,0 87,95,98,102,0 261,129,267,136,0 221,165,227,173,0 257,169,264,190,1 159,205,258,321,1 24,216,72,260,0 313,313,324,322,0 19,317,48,360,0 402,396,414,410,0
/content/rgb/rgb_6.jpg 184,0,266,80,1 383,25,400,64,0 53,29,84,47,0 293,55,302,68,1 23,66,40,79,0 324,89,334,101,1 336,90,366,141,1 165,91,238,175,0 145,163,160,177,1 207,164,239,258,3 79,225,86,232,1 34,229,44,240,1 235,239,243,252,0 35,249,131,364,1 55,271,64,276,0 370,271,379,283,0 290,291,298,298,0 341,343,348,350,0 272,349,295,373,0 364,359,373,370,0 42,377,54,394,3 410,386,416,392,0 404,393,416,405,0 383,405,395,416,0
/content/rgb/rgb_60.jpg 297,0,348,11,0 13,15,71,95,3 249,24,261,36,0 33,44,38,48,0 33,46,40,57,3 207,71,251,104,1 209,106,219,115,1 405,119,413,126,0 98,179,218,272,1 229,183,390,267,1 23,258,32,264,0 243,261,252,267,1 319,268,331,283,0 10,271,34,334,0 215,291,235,304,1 185,377,190,382,3 187,379,211,408,3 111,391,122,416,0
/content/rgb/rgb_61.jpg 27,31,80,56,3 232,63,240,75,0 111,84,210,193,1 141,117,148,125,1 290,141,336,176,0 151,202,282,355,1 285,215,296,223,3 71,235,78,240,0 154,306,167,320,3 409,371,416,376,0 382,391,402,416,0 356,404,381,416,0
/content/rgb/rgb_62.jpg 0,0,88,40,2 103,23,114,34,2 105,36,110,40,0 95,50,107,63,2 0,81,87,166,2 402,83,416,113,3 311,97,347,141,0 210,106,219,115,0 404,117,414,126,3 135,133,167,152,2 346,147,357,153,3 141,202,149,212,0 219,202,322,304,1 283,227,292,232,0 101,274,224,416,1 100,300,114,314,0 373,325,387,339,0 380,371,413,410,3 331,372,335,376,0 295,375,320,416,0
/content/rgb/rgb_63.jpg 10,0,24,16,0 68,0,102,27,0 199,1,207,11,0 347,5,384,32,0 139,11,146,19,0 359,47,370,54,2 95,79,140,117,3 21,94,32,104,1 205,98,308,194,0 135,132,146,140,0 9,140,19,147,0 397,159,408,163,2 289,183,416,284,2 0,197,6,203,0 119,210,128,219,1 95,215,115,232,1 251,235,255,242,0 172,239,178,248,1 231,251,236,256,0 156,260,173,296,1 112,343,202,416,0 1,363,60,416,0 376,389,416,416,1
/content/rgb/rgb_64.jpg 0,0,56,67,1 48,1,52,6,1 113,5,120,11,0 161,10,178,24,0 177,18,182,24,0 203,23,221,41,0 259,29,270,43,0 108,44,120,52,0 378,72,386,77,0 49,114,58,120,0 0,115,8,127,0 315,144,400,252,0 164,147,224,230,3 9,159,40,215,0 87,175,94,188,0 197,182,201,186,3 187,193,191,197,3 170,202,177,209,3 18,213,32,224,1 349,231,356,236,0 111,245,200,307,0 18,264,34,271,0 16,286,125,405,0 328,301,416,416,2 213,329,219,334,1 159,347,178,359,1 187,363,192,369,1 202,363,211,374,1 194,375,200,380,1 214,383,223,395,1
/content/rgb/rgb_65.jpg 157,23,276,164,0 147,65,155,72,0 191,66,195,71,0 407,94,416,106,3 316,98,320,104,0 392,133,416,160,3 311,140,320,160,0 135,141,146,147,0 218,173,316,285,1 50,183,67,200,3 90,186,135,224,3 35,191,48,204,3 95,203,100,210,0 140,207,148,218,0 185,226,192,234,1 385,232,408,264,0 113,265,124,272,1 84,282,112,325,0 186,299,194,312,0 136,311,147,320,0 356,314,408,341,0 340,335,349,346,0 255,383,264,395,1 87,391,187,416,0 401,399,408,410,0 322,400,328,410,0 249,401,258,412,1
/content/rgb/rgb_66.jpg 185,0,208,29,0 335,21,348,29,0 212,33,228,47,0 252,115,259,124,1 224,148,376,256,1 96,186,213,284,1 0,199,6,208,0 42,208,56,218,0 320,250,333,264,0 247,257,253,262,1 223,293,242,302,1 23,311,46,367,0 255,327,262,336,0 168,370,173,376,0
/content/rgb/rgb_67.jpg 391,0,405,12,0 76,11,244,86,1 268,16,280,32,1 380,35,405,64,0 237,63,347,144,0 183,172,192,178,3 133,181,187,200,0 0,202,43,292,1 276,209,284,218,0 93,224,114,271,1 247,245,256,254,0 117,250,126,259,1 191,255,235,280,0 333,288,344,295,3 95,292,107,299,1 265,296,344,350,3 326,317,332,321,3 310,318,316,325,3 104,337,117,349,0 340,357,400,408,3 387,363,392,369,1 39,389,52,397,1 0,400,12,416,0
/content/rgb/rgb_68.jpg 363,28,373,39,3 260,57,274,70,0 167,84,331,158,1 323,100,333,106,1 335,124,416,206,1 38,151,56,171,0 98,202,107,208,3 335,228,346,235,3 58,260,64,266,0 247,263,300,283,0 268,270,274,274,0 262,281,269,288,0 90,308,168,402,1 224,323,241,363,0 314,332,360,352,3 0,360,55,384,0 401,392,416,416,3 410,409,416,416,3
/content/rgb/rgb_69.jpg 191,55,195,59,0 130,56,227,155,1 190,81,200,86,3 79,87,99,98,0 24,135,141,297,1 89,159,100,169,1 303,199,336,240,0 221,215,228,224,0 216,223,243,279,0 236,300,253,316,0 394,320,416,338,0 199,323,206,328,0 205,381,296,416,0 329,393,336,403,0
/content/rgb/rgb_7.jpg 84,10,93,18,2 0,15,120,194,2 76,22,80,27,2 92,23,104,34,2 160,29,197,40,0 276,39,359,141,1 319,42,324,46,1 228,93,244,106,1 223,135,303,214,0 391,186,416,245,1 228,210,274,304,3 32,226,127,346,1 412,227,416,242,1 275,230,280,235,0 239,236,244,241,0 251,246,257,250,3 277,279,286,284,0 159,297,165,303,1 122,343,129,354,1 236,409,255,416,3
/content/rgb/rgb_70.jpg 29,7,34,13,0 356,9,378,58,0 272,14,283,28,0 3,25,18,33,0 186,63,205,72,3 216,79,325,171,0 177,96,184,104,3 97,97,110,111,0 47,105,206,214,1 162,123,169,135,3 396,140,400,144,1 409,146,416,154,1 98,178,104,183,0 92,220,99,230,1 327,228,341,239,0 241,239,251,248,0 339,247,347,258,0 215,251,256,296,0 408,268,416,308,0 15,269,24,277,0 231,339,256,376,0 252,343,258,354,0 0,357,14,368,0 122,390,203,416,0 306,412,314,416,0
/content/rgb/rgb_71.jpg 31,7,64,64,0 17,15,22,21,0 47,27,52,33,3 196,29,201,40,1 185,41,192,49,1 216,41,228,55,1 104,50,240,174,1 9,56,14,61,3 337,65,345,73,0 314,84,399,184,0 0,131,101,231,3 137,133,142,141,1 135,177,142,184,0 316,202,330,210,0 210,226,416,416,2 319,284,323,290,2 135,304,168,328,1 196,312,211,324,0 69,335,80,344,0 71,347,87,373,0 354,350,398,414,2 350,359,355,365,2 116,369,123,378,1
/content/rgb/rgb_72.jpg 346,0,360,16,0 298,76,308,84,0 94,79,261,172,3 309,87,314,91,0 90,122,97,128,3 105,127,112,135,3 242,155,349,250,0 113,241,120,248,1 225,248,231,256,1 120,258,176,285,1 175,258,186,266,1 0,267,21,348,0 75,294,88,312,0 71,309,96,347,0 185,319,194,327,1 236,325,250,336,1 227,343,237,355,1 365,362,376,371,0
/content/rgb/rgb_73.jpg 185,12,196,22,1 314,34,397,134,0 295,50,303,59,0 0,135,32,215,0 218,135,301,304,1 156,237,164,245,3 345,263,352,270,1 92,264,126,319,0 269,265,277,270,1 293,283,301,293,0 48,289,57,299,0 380,301,392,311,0 205,315,301,416,0 400,341,416,358,0 84,352,94,362,1 49,359,68,408,1
/content/rgb/rgb_74.jpg 133,1,173,31,1 308,15,376,96,0 239,26,263,57,0 153,44,162,52,1 249,53,262,67,0 170,80,224,103,1 195,93,200,97,1 164,97,173,106,1 226,112,232,117,1 0,122,112,213,0 207,151,216,157,1 99,191,179,276,0 410,195,416,203,1 247,220,253,229,3 178,225,267,280,3 261,225,268,232,3 378,236,397,254,1 51,250,64,267,0 364,257,387,280,0 388,295,402,307,0 20,310,32,320,1 63,326,68,330,1 300,381,309,391,0 216,383,299,416,0 184,405,215,416,0
/content/rgb/rgb_75.jpg 393,0,416,31,0 125,19,144,37,0 109,48,192,99,0 216,115,256,144,1 19,128,27,136,2 55,128,64,136,0 391,128,416,202,0 327,137,344,170,1 57,143,67,152,0 316,146,324,155,1 295,148,299,152,1 303,162,310,168,1 333,167,344,180,0 279,176,284,181,1 324,181,339,195,1 255,194,310,221,0 351,222,358,227,1 312,226,319,236,0 82,243,197,339,0 184,315,362,408,0 0,331,24,367,0 351,348,360,354,0 220,357,229,372,0 139,378,152,395,0 4,388,16,399,0 132,409,137,414,1
/content/rgb/rgb_76.jpg 359,34,376,45,1 47,41,92,58,0 220,45,224,53,1 385,64,400,83,0 42,79,52,90,3 207,115,213,122,1 167,164,328,257,1 34,176,155,274,0 251,207,256,211,1 203,218,208,230,0 359,241,416,338,0 185,254,192,260,3 259,256,272,270,0 154,287,176,298,0 172,315,176,320,0 59,332,75,346,0 23,340,56,369,0 347,351,361,359,0 329,372,336,378,1 63,383,74,392,0 56,397,71,416,0
/content/rgb/rgb_77.jpg 169,0,216,22,1 215,0,282,71,0 141,4,150,12,1 402,51,408,56,3 255,66,355,163,0 155,76,166,83,0 0,99,32,184,0 128,128,184,159,0 140,147,146,152,0 82,153,94,165,0 145,170,152,175,3 329,210,344,216,0 228,212,240,221,0 0,220,4,224,0 215,228,226,236,0 408,252,416,258,3 50,260,62,271,1 344,274,356,282,0 378,283,386,291,0 200,299,293,336,0 91,327,96,333,1 273,345,280,355,0 13,346,18,352,0 364,365,373,383,0 248,384,319,416,0 31,386,61,416,0
/content/rgb/rgb_78.jpg 26,26,34,32,0 159,48,280,192,0 344,143,354,149,0 247,147,259,155,0 63,178,71,183,3 103,194,109,202,3 226,200,324,313,1 95,218,142,256,1 146,239,155,248,1 394,256,416,290,0 95,317,123,359,0 367,338,416,367,0 145,344,158,354,0 364,348,371,354,0 352,363,360,373,0
/content/rgb/rgb_79.jpg 3,0,22,17,0 0,0,35,34,3 0,0,120,52,1 127,5,134,11,1 34,14,38,18,3 21,20,25,24,3 0,36,6,43,1 371,46,400,68,1 336,49,341,56,0 119,56,125,60,1 359,65,374,77,1 96,73,108,80,1 0,95,99,191,1 306,128,413,221,0 135,154,296,260,1 205,227,212,231,3 189,228,194,233,1 147,258,160,266,1 183,271,192,280,1 170,279,175,288,1 303,304,347,349,3 384,319,394,330,0 48,333,72,360,0 399,338,416,359,0 177,343,182,352,1 58,365,80,386,0 140,373,149,383,1 306,392,340,416,0 342,397,349,408,0 165,407,179,416,1
/content/rgb/rgb_8.jpg 67,0,165,84,0 375,0,416,69,1 343,1,348,6,1 239,3,285,32,0 319,5,330,15,2 130,82,200,163,1 4,109,13,120,1 79,111,88,127,1 119,116,128,122,0 193,137,272,207,0 51,138,57,144,1 56,147,66,154,1 33,153,45,163,1 91,162,95,168,1 148,180,160,195,0 335,181,341,187,1 331,194,339,200,1 381,209,400,228,1 359,225,383,246,1 140,293,253,388,0 0,322,96,416,1
/content/rgb/rgb_80.jpg 407,22,416,29,2 391,26,402,37,2 168,32,264,132,0 365,34,369,38,2 412,39,416,45,2 327,47,384,78,2 284,50,293,62,2 95,52,107,62,0 403,56,416,69,2 361,61,366,65,2 73,75,99,110,1 381,89,388,94,2 105,100,117,111,0 351,119,362,125,0 183,159,192,175,0 38,170,47,175,1 91,175,112,210,1 299,183,383,251,0 95,240,107,254,1 19,259,179,416,1 345,311,350,316,1 252,341,364,416,1 196,348,202,354,0 223,354,231,368,0 373,359,382,368,1 64,407,72,414,1
/content/rgb/rgb_81.jpg 247,0,277,15,0 32,7,85,45,0 339,31,345,40,2 299,34,303,43,2 359,57,366,67,2 5,65,16,86,0 76,71,81,78,0 167,128,196,156,0 250,146,343,259,0 147,159,154,170,0 191,164,199,174,0 215,256,228,274,1 159,271,168,280,1 251,273,320,368,1 180,279,191,287,1 0,280,86,416,0 253,285,258,294,1 199,311,206,315,1 287,311,298,324,1 388,323,398,333,3 294,353,334,416,0
/content/rgb/rgb_82.jpg 162,17,196,108,0 141,28,149,36,2 141,45,149,52,0 152,101,229,184,1 237,103,250,114,1 18,114,45,165,0 182,139,193,149,1 367,144,416,231,3 264,167,270,171,1 111,191,199,311,1 3,240,18,253,0 333,311,340,318,0 231,327,264,356,2 291,327,318,344,0 349,357,362,371,0 156,387,214,416,2
/content/rgb/rgb_83.jpg 275,0,341,41,0 370,0,416,12,2 121,5,129,14,1 164,20,168,26,1 145,37,195,61,1 151,39,155,44,1 155,39,160,43,1 135,56,147,67,1 0,96,92,180,0 185,106,197,112,1 389,130,399,139,0 85,154,167,236,0 362,173,381,190,0 165,183,256,227,3 351,195,373,216,1 200,200,205,205,3 214,208,218,212,3 39,217,54,234,0 377,230,389,240,1 16,279,27,288,1 407,279,416,290,1 186,328,303,416,0 129,389,134,397,0 0,402,44,416,3 409,407,416,416,1
/content/rgb/rgb_84.jpg 95,0,203,46,0 360,0,389,32,1 364,36,376,51,1 384,73,400,104,1 0,117,8,130,1 221,131,299,211,0 133,136,225,183,3 8,143,32,165,1 14,154,19,158,1 0,170,16,182,1 0,183,13,188,1 151,185,158,192,0 295,185,407,270,0 0,220,6,234,0 191,254,204,260,1 289,287,296,296,0 241,304,253,314,1 191,312,248,339,1 15,339,98,416,0 336,340,347,352,0 220,352,224,359,1 261,364,271,373,0 193,371,200,380,0 255,391,259,395,1 252,393,296,416,1
/content/rgb/rgb_85.jpg 0,0,27,16,3 213,13,294,93,0 40,40,51,48,0 349,87,354,93,1 167,101,192,130,3 383,119,400,128,0 193,121,205,133,0 322,121,336,127,1 395,130,400,136,1 349,151,360,157,1 69,159,112,183,3 162,172,207,216,3 179,175,188,181,0 321,175,328,181,1 116,189,124,198,0 369,190,376,195,1 72,225,85,237,1 330,234,336,240,1 316,241,322,248,1 68,255,80,264,1 210,257,368,372,1 312,287,318,292,0 75,299,198,404,0 412,404,416,416,0
/content/rgb/rgb_86.jpg 79,0,104,12,0 239,0,323,24,0 275,5,280,10,0 42,7,76,36,0 412,23,416,29,2 319,76,351,111,0 100,90,107,101,0 40,97,93,128,0 147,136,245,244,1 47,176,72,210,0 7,227,32,245,0 8,244,14,248,3 205,245,352,384,1 1,274,10,278,3 341,324,349,331,0 355,335,363,343,0 0,369,48,416,0
/content/rgb/rgb_87.jpg 249,4,259,24,0 247,28,254,36,0 196,43,205,53,3 361,83,370,94,0 153,101,171,112,1 173,127,286,219,1 134,135,144,141,0 68,138,160,203,1 111,161,123,173,0 0,185,82,226,0 29,247,37,256,0 12,253,21,262,0 339,303,388,387,3 367,343,373,349,3 91,358,96,366,0 147,391,168,416,0
/content/rgb/rgb_88.jpg 215,0,237,24,0 213,29,219,38,0 16,45,64,131,3 50,51,55,59,3 208,58,212,64,0 213,61,252,102,0 263,133,408,245,1 359,166,365,170,1 138,179,253,278,1 84,205,98,215,0 27,216,32,223,0 0,219,6,224,3 361,237,372,250,0 321,292,328,297,0 183,337,194,352,3 146,350,179,378,3 242,354,252,364,0
/content/rgb/rgb_89.jpg 81,13,117,43,0 278,16,366,48,0 211,54,219,63,0 9,89,20,101,1 213,98,222,108,0 77,107,127,134,3 353,149,363,155,0 175,151,272,261,1 104,215,115,224,0 224,266,367,414,1 353,271,366,277,0 357,354,367,362,0 152,360,156,364,0 369,367,379,374,0
/content/rgb/rgb_9.jpg 135,98,229,211,1 26,127,35,136,0 257,169,265,178,1 7,191,34,216,0 307,191,346,237,3 296,196,304,206,0 385,209,416,243,3 322,215,329,219,3 146,224,215,316,0 367,233,384,248,0 173,262,185,270,0 196,299,249,396,0 216,335,221,341,0
/content/rgb/rgb_90.jpg 290,0,301,8,0 330,1,338,7,1 0,5,55,55,2 45,9,52,14,2 67,30,80,42,0 149,30,158,42,0 66,60,78,72,2 0,95,74,191,0 122,130,157,146,3 79,146,94,157,0 407,154,416,162,3 225,168,320,275,1 367,173,379,184,3 191,255,196,262,1 157,259,243,339,1 199,295,207,307,1 0,297,5,303,0 385,327,396,337,3 0,328,32,416,0 143,336,198,416,0 328,344,355,400,0 369,371,376,378,0 171,375,177,380,0
/content/rgb/rgb_91.jpg 271,2,301,24,0 361,68,372,75,0 176,71,194,80,3 207,85,315,177,0 167,106,174,113,3 107,113,199,175,1 412,133,416,138,1 151,134,160,145,1 399,148,410,155,1 105,167,109,171,0 39,168,125,229,1 324,207,334,214,1 322,233,334,244,0 165,247,173,258,1 332,252,342,263,0 207,259,250,304,0 9,284,18,292,1 303,285,344,312,3 23,293,31,300,1 204,331,219,346,0 66,368,82,377,0 124,399,191,416,0
/content/rgb/rgb_92.jpg 159,31,208,59,0 215,57,222,64,0 81,69,88,74,0 316,71,322,82,0 101,73,134,99,0 151,74,160,86,0 52,77,74,96,0 113,108,123,120,0 270,108,278,120,1 366,111,416,170,3 82,122,88,128,1 151,127,238,240,1 406,137,411,142,3 65,148,77,155,0 21,149,54,167,3 42,199,54,206,0 61,212,70,220,0 106,243,190,333,0 335,247,344,254,0 295,279,320,334,3 301,303,309,310,3 316,309,322,316,3 76,313,91,326,0 129,327,168,416,3 243,330,250,344,0 359,340,395,356,0 349,351,362,363,1 372,369,378,376,0 139,411,143,416,0
/content/rgb/rgb_93.jpg 154,0,180,21,2 56,3,67,16,0 231,11,319,118,1 103,17,128,32,0 363,23,372,35,2 175,25,184,39,2 403,29,416,39,0 386,30,400,43,0 267,43,273,48,2 151,51,155,56,0 0,55,6,67,0 5,65,11,70,0 146,76,155,85,0 106,87,135,111,0 383,111,416,154,1 23,124,34,131,0 236,130,303,216,0 84,133,99,144,0 0,135,80,411,1 412,168,416,175,1 369,177,379,186,1 221,212,235,226,0 55,253,60,258,1 110,272,114,277,1 165,285,173,291,1 138,309,235,416,0 404,373,416,392,0 375,375,399,399,1 19,410,32,416,0
/content/rgb/rgb_94.jpg 16,0,48,13,0 183,17,191,32,1 23,18,38,35,0 287,23,346,88,3 66,39,152,148,1 316,45,324,50,3 20,151,104,330,3 207,183,232,235,3 230,213,238,221,0 201,244,211,251,0 247,248,261,263,1 263,251,276,264,0 252,254,256,258,1 361,292,371,301,1 261,311,348,392,1
/content/rgb/rgb_95.jpg 362,0,371,16,2 336,2,344,13,0 309,21,392,64,0 95,66,146,88,1 143,81,147,86,1 231,81,240,91,0 112,116,123,127,0 168,127,264,240,1 76,134,103,165,0 292,189,302,197,0 332,204,386,248,0 81,225,91,235,0 47,239,74,269,0 195,251,258,347,1 373,262,380,270,0 407,285,415,290,0 28,300,45,314,0 0,311,23,344,0 249,323,305,416,0 0,357,15,416,0
/content/rgb/rgb_96.jpg 0,0,5,5,0 0,0,64,22,3 140,24,224,102,3 40,42,50,49,0 378,119,399,141,1 146,128,151,134,2 117,135,160,160,0 156,159,171,173,1 203,159,208,163,0 349,159,356,166,1 162,162,166,166,0 144,193,176,249,0 193,197,200,204,0 44,215,82,250,1 290,225,358,301,1 314,265,320,270,1 66,287,78,301,0 228,298,317,370,3 115,330,229,416,0 337,339,350,355,0
/content/rgb/rgb_97.jpg 0,0,232,103,1 264,0,312,54,3 271,68,285,80,3 196,74,202,78,0 0,79,23,121,1 407,101,416,112,0 223,143,240,175,0 183,164,190,173,0 295,167,312,192,1 168,182,176,192,0 305,188,310,192,1 287,193,296,200,1 65,199,77,212,2 315,199,320,203,1 290,218,317,251,1 53,224,144,308,0 0,249,61,287,2 143,269,262,360,1 403,360,416,392,0 396,403,416,416,1 384,407,392,416,1 92,412,103,416,0
/content/rgb/rgb_98.jpg 0,0,75,42,2 381,0,410,26,1 191,99,295,194,1 152,148,159,157,0 56,159,194,307,1 146,183,156,193,0 260,262,270,272,0 343,267,375,301,1 248,271,280,326,0 371,276,376,281,0 295,338,304,346,3 284,360,319,392,0 271,366,284,379,3 5,404,27,416,1
/content/rgb/rgb_99.jpg 234,0,416,243,1 318,0,416,46,0 236,11,268,24,0 373,69,416,110,0 116,76,223,161,1 96,135,105,141,1 127,183,131,190,1 397,226,410,235,1 85,247,239,381,2 15,253,24,259,3 13,267,21,274,0 72,292,82,299,1 300,298,310,307,0 87,301,96,309,1 309,309,314,315,0 15,324,24,328,3 279,327,293,346,0 412,370,416,376,0 399,372,409,383,0 207,377,302,416,2 93,389,108,398,0 362,396,376,413,0 383,399,405,416,0
